Opening Material: 90, 320, 330, 500, 900, 10000
Endgame Material: 100, 320, 350, 550, 900, 10000

PawnOP

           0,   0,   0,   0,   0,   0,   0,   0,
          51,  50,  46,  49,  51,  47,  54,  53,
           9,  11,  19,  29,  32,  22,  11,  12,
           4,   5,  11,  25,  25,   9,   5,   7,
          -1,  -1,   2,  20,  19,  -3,   0,  -1,
           5,  -6,  -8,  -3,  -1,  -9,  -4,   5,
           5,   9,   9, -24, -16,  11,  11,   5,
           0,   0,   0,   0,   0,   0,   0,   0,

KnightOP

         -50, -40, -30, -30, -30, -30, -40, -50,
         -40, -20,   0,   0,   3,   0, -20, -40,
         -29,   2,   8,  15,  17,  10,  -4, -34,
         -32,   4,  18,  16,  17,  12,   8, -30,
         -26,  -4,  14,  16,  18,  16,   3, -34,
         -30,   5,   7,  11,  15,  12,   4, -30,
         -40, -20,  -4,   6,   2,   1, -20, -36,
         -50, -36, -30, -30, -34, -34, -39, -50,

BishopOP

         -20, -10, -10, -10, -10, -12, -10, -20,
         -10,   0,   0,   4,   0,   0,   0, -10,
         -10,  -1,   1,  10,  10,   5,   0,  -7,
         -10,  15,   7,  13,   6,   1,  13,  -8,
          -6,   0,  16,   9,   8,  16,  -1,  -6,
          -7,  10,   6,  10,  10,   9,   6, -11,
         -10,   9,   2,   4,   4,   3,   5, -10,
         -20, -10, -20, -10,  -8, -16, -10, -20,

RookOP

           6,  21,  20,  20,  22,  20,  20,  10,
           9,  24,  24,  25,  25,  29,  21,  13,
          -1,   4,   4,   0,   1,   3,   4,  -1,
          -5,   3,   4,  -1,   0,  -3,  -1,  -7,
          -5,   0,  -3,   0,  -1,  -4,   0,  -3,
          -6,  -1,  -4,   0,   0,  -1,   2,  -1,
          -5,  -2,   1,   2,   4,   0,   4,  -8,
          -5,   0,   9,  20,  20,  10,   0,  -1,

QueenOP

         -21, -10, -10,  -5,  -5, -10,  -9, -19,
         -10,   0,   0,  -1,  -1,   0,  -1,  -9,
          -6,   0,   5,   3,   2,   3,   4, -10,
          -5,  -4,   5,   1,   2,   6,   2,  -3,
           4,   3,   6,   7,   6,   9,   0,  -6,
         -13,   9,   9,   1,   6,   7,   1, -10,
         -10,   1,   4,  -1,   1,   4,   2, -12,
         -22, -10, -10,  -4,  -5,  -6, -10, -20,

KingOP

         -30, -40, -40, -50, -50, -40, -40, -30,
         -30, -41, -43, -48, -50, -40, -40, -30,
         -26, -36, -42, -53, -50, -40, -40, -30,
         -30, -36, -42, -50, -50, -40, -38, -30,
         -20, -29, -30, -38, -40, -29, -30, -20,
         -10, -19, -22, -18, -18, -20, -20, -11,
          22,  16, -14, -13, -12, -10,  20,  20,
          20,  29, -11, -10,  -6,  -9,  30,  20,

PawnEG

           0,   0,   0,   0,   0,   0,   0,   0,
          20,  60,  56,  60,  64,  59,  64,  21,
           9,  30,  30,  29,  33,  32,  34,  13,
           5,  10,  11,  10,  10,  10,   9,   8,
           0,   0,   5,   5,   5,   5,  -2,   1,
           0,   0,   1,   0,   4,   0,   0,   0,
           0,   0,   0,   0,   1,   0,   0,   0,
           0,   0,   0,   0,   0,   0,   0,   0,

KnightEG

         -50, -40, -30, -30, -30, -30, -40, -50,
         -40, -20,   0,  -4,   0,   0, -20, -40,
         -30,   4,  11,  15,  17,  10,  -1, -30,
         -30,   5,  16,  21,  19,  15,   9, -30,
         -27,  -3,  15,  17,  18,  15,   1, -30,
         -30,   5,  11,  15,  15,  10,   9, -30,
         -40, -20,  -4,   4,   5,   1, -20, -40,
         -50, -39, -30, -31, -30, -34, -40, -50,

BishopEG

         -20, -10, -10, -10, -10, -12, -10, -20,
         -10,   0,   0,  -4,   0,   0,   0, -10,
         -10,  -1,   5,  10,  10,   4,   0,  -9,
         -10,  15,   4,   9,  10,   1,  15,  -9,
         -10,   0,  20,  10,  10,  18,   1, -10,
         -12,  10,  10,  10,  11,  10,  10, -10,
         -10,   5,   1,   3,   3,   0,   5, -10,
         -20, -10, -20,  -9,  -7, -20, -10, -20,

RookEG

          17,  29,  30,  30,  28,  27,  30,  20,
          29,   8,  20,  20,  20,  24,   6,  27,
          34,  -4,   4,  10,  10,   1,   4,  33,
          30,   2,   4,  10,  10,   0,   1,  29,
          30,   0,   0,  10,  13,   0,   0,  33,
          26,  -3,  -2,  10,  10,   0,   0,  29,
          30,  -4,  21,  34,  27,  20,   4,  26,
           0,  10,  16,  25,  25,  15,   0,   0,

QueenEG

         -20, -10, -10,  -5,  -5,  -9,  -9, -21,
         -10,  -1,   0,   0,  -1,   0,  -2,  -8,
          -8,   0,   5,   5,   4,   5,   1, -10,
          -5,  -3,   5,   4,   2,   5,   0,  -5,
           2,   1,   5,   5,   6,   7,   1,  -5,
         -11,   6,   8,   7,   5,   7,   0, -10,
         -11,   0,   5,   0,   0,   4,   0, -11,
         -21, -10, -10,  -5,  -5,  -8, -10, -20,

KingEG

         -50, -40, -30, -20, -20, -30, -40, -50,
         -30, -20, -14,   4,   0, -10, -20, -30,
         -26,  -6,  20,  26,  30,  20, -10, -30,
         -30,  -8,  26,  40,  40,  30,  -6, -30,
         -30, -10,  28,  44,  40,  30, -10, -30,
         -30, -10,  16,  33,  33,  21,  -9, -30,
         -30, -32,  -4,  -4,   1,   0, -30, -30,
         -50, -30, -31, -30, -29, -30, -30, -51,